1 0.161617 0.605703 0.252953 0.274219
1 0.413391 0.852750 0.345156 0.153656
1 0.578281 0.395305 0.131219 0.319141
1 0.623789 0.170711 0.323891 0.172578
1 0.384422 0.296602 0.237594 0.109922
0 0.192344 0.475086 0.224594 0.218672
0 0.471305 0.441398 0.326234 0.198578
0 0.367875 0.691992 0.202125 0.172578
0 0.543406 0.796602 0.304969 0.145391
0 0.737266 0.541867 0.210406 0.212766
0 0.746133 0.337383 0.225766 0.156016
0 0.840102 0.240453 0.163109 0.163125
2 0.518773 0.469750 0.936172 0.854469
3 0.500000 0.501687 1.000000 0.996625
1 0.296961 0.194352 0.301422 0.078016
