8 0.692195 0.542734 0.615609 0.683719
2 0.527313 0.460531 0.111000 0.477688
2 0.700164 0.275930 0.240547 0.127141
2 0.627141 0.445180 0.104813 0.228516
2 0.846562 0.390562 0.042750 0.055687
2 0.882359 0.560594 0.078562 0.099438
2 0.805789 0.659531 0.068609 0.060656
2 0.784422 0.748516 0.065625 0.071594
2 0.648195 0.763938 0.063641 0.082531
1 0.589031 0.719187 0.054688 0.060656
1 0.720289 0.769906 0.062641 0.076563
1 0.737688 0.702281 0.053688 0.066625
1 0.869930 0.669469 0.047734 0.050719
1 0.830656 0.599867 0.060656 0.058672
1 0.884344 0.468125 0.092469 0.065625
1 0.842086 0.339852 0.053703 0.047734
0 0.718242 0.547172 0.245703 0.400719
